2.658	34.922
3.681	36.093
5.079	37.583
4.606	38.571
9.958	39.203
9.045	40.845
13.877	41.648
8.515	43.127
15.694	44.199
13.446	44.623
15.696	44.630
16.258	46.221
16.932	47.450
16.767	48.419
21.829	49.178
20.604	49.432
16.647	49.846
23.184	50.989
19.339	51.242
28.472	53.685
30.217	54.874
25.208	55.942
33.438	55.991
36.545	56.576
40.562	58.036
38.144	58.227
37.966	59.400
42.258	60.194
40.628	62.061
34.293	62.841
43.537	63.666
43.759	63.804
43.484	64.297
44.115	65.337
43.726	66.675
45.434	67.879
45.116	68.393
49.513	69.563
49.015	70.037
49.100	70.089
50.424	70.473
52.132	71.812
50.957	72.112
55.018	73.379
52.199	73.753
52.819	74.193
54.254	74.531
55.600	75.143
58.575	75.643
61.146	75.752
60.304	75.868
63.075	78.302
62.100	79.529
68.212	80.057
67.478	81.577
70.017	82.013
71.356	83.022
70.164	83.300
66.046	85.087
73.601	85.877
75.104	86.107
75.131	87.089
70.634	87.447
84.951	88.504
84.618	89.349
81.289	89.627
79.314	91.114
87.403	91.271
88.332	91.635
85.530	91.743
89.389	92.259
86.915	93.582
90.155	94.776
94.498	96.741
92.780	97.593
97.710	101.688
102.955	104.130
104.934	105.506
105.980	108.125
108.037	110.546
108.989	110.753
109.547	112.239
107.605	113.076
108.131	113.667
109.321	113.788
114.082	115.851
110.525	117.000
115.666	117.079
116.311	118.991
109.781	120.956
119.048	121.209
119.986	122.612
118.950	122.736
119.413	122.870
116.260	123.542
124.930	128.645
126.149	130.337
132.806	136.773
133.901	137.219
136.138	139.418
138.423	139.694
139.433	141.760
143.616	145.115
143.524	146.070
146.147	146.781
148.047	148.895
148.094	150.160
147.114	151.486
149.232	151.639
147.348	153.144
151.624	153.316
150.195	153.897
153.014	157.132
157.683	160.164
155.308	160.998
159.860	162.468
162.086	164.933
164.249	166.302
163.037	169.345
167.907	169.417
167.386	170.642
171.567	174.954
173.691	175.639
177.179	177.779
175.347	181.171
177.222	181.321
179.663	182.209
180.001	182.585
182.801	183.550
179.991	184.027
187.371	191.357
188.287	194.573
189.730	194.997
193.794	195.307
193.303	195.367
193.824	195.699
190.972	196.335
194.967	197.359
196.415	197.553
200.664	201.789
202.525	203.487
205.328	207.638
204.601	207.946
203.435	208.352
207.640	208.530
206.191	209.732
209.355	210.682
211.446	213.396
213.758	216.248
214.825	216.309
213.197	216.396
216.534	218.506
213.574	219.475
217.382	220.118
215.241	220.383
217.127	220.695
218.601	221.748
220.533	222.160
220.040	223.694
222.239	223.764
223.816	225.429
224.829	226.608
224.741	227.366
226.231	229.066
226.216	229.074
227.887	230.353
230.150	231.280
229.665	232.614
231.261	233.395
230.414	233.808
234.707	237.344
237.056	238.016
227.947	239.045
241.457	241.810
241.076	242.501
242.908	244.990
245.274	247.612
244.652	247.804
251.436	251.662
250.994	253.128
252.955	255.792
249.752	258.222
259.146	260.177
259.211	260.649
257.996	261.649
258.589	262.425
259.508	262.849
260.043	263.331
261.823	264.665
262.706	265.700
268.218	269.046
269.196	271.239
271.722	272.635
268.366	272.867
272.733	274.662
274.151	274.844
273.054	274.917
271.918	277.077
276.337	278.048
276.816	280.580
278.030	280.935
277.850	280.976
280.159	282.699
279.767	282.880
281.574	283.759
282.724	284.028
284.241	286.989
283.037	287.496
282.923	287.860
286.660	289.417
289.145	290.209
288.077	292.297
289.500	292.321
293.878	296.792
296.504	297.089
294.306	298.173
300.958	301.994
298.356	302.621
300.205	302.692
300.724	303.258
301.024	303.380
301.465	303.901
302.786	305.774
305.195	306.421
304.444	307.653
301.116	308.978
302.034	309.443
308.097	310.298
308.701	312.355
308.670	312.505
310.346	313.238
311.647	313.390
313.497	314.370
313.003	315.828
312.963	316.213
315.397	316.908
316.109	319.589
321.519	324.151
324.156	325.559
323.178	325.581
325.787	328.498
327.443	328.844
332.925	337.565
335.315	339.376
338.596	340.383
333.496	340.421
342.421	345.256
341.018	345.344
348.678	348.876
353.628	355.061
348.870	355.144
355.802	357.007
353.058	357.648
353.355	357.694
353.795	358.284
362.508	367.469
365.903	369.321
363.663	370.014
367.449	371.298
371.715	374.022
374.044	375.072
378.096	381.221
379.077	382.900
380.385	383.056
379.536	385.127
386.959	387.289
382.734	387.304
386.823	391.384
389.012	391.977
389.716	392.503
386.407	392.865
392.281	393.703
392.246	394.019
393.473	394.117
393.641	397.096
396.305	401.946
403.534	404.479
402.241	405.121
403.726	405.552
405.789	407.617
407.549	409.338
409.947	411.680
406.945	412.295
410.606	413.754
411.864	414.342
414.686	415.879
414.296	416.026
416.207	418.450
410.365	419.938
418.662	420.842
419.459	422.287
421.030	422.395
424.131	424.944
424.664	426.670
420.485	426.950
426.439	428.765
428.789	429.547
428.156	430.480
426.518	430.690
428.112	431.099
430.156	431.839
431.310	434.132
431.820	434.717
432.400	436.175
431.386	436.886
435.825	437.183
436.500	437.624
436.774	440.611
443.389	444.104
439.790	444.341
442.916	444.371
446.398	449.260
447.587	450.270
450.776	453.029
452.206	454.176
450.945	454.517
451.628	454.678
453.295	455.851
448.293	458.971
458.128	459.902
458.492	460.536
460.400	462.011
460.786	462.815
465.540	467.804
459.736	469.903
467.326	469.941
468.290	470.128
468.039	472.799
476.192	479.936
476.797	480.236
480.049	481.751
478.798	482.364
481.464	482.737
480.855	483.617
482.268	484.096
484.165	485.401
483.900	486.999
486.606	490.515
488.407	492.232
491.761	494.048
491.162	495.972
495.235	501.131
500.937	502.014
498.270	506.575
502.678	507.342
504.336	509.166
504.167	509.432
499.294	509.798
507.524	510.760
506.588	511.282
509.121	513.576
507.943	514.154
512.744	516.579
515.757	517.655
517.516	518.201
522.006	523.392
518.218	523.695
523.016	524.385
525.574	527.924
528.405	528.702
525.860	528.724
529.491	531.431
529.118	533.298
529.704	533.578
530.873	533.678
534.063	536.517
534.056	536.655
532.884	537.408
535.022	537.707
534.426	538.758
535.676	538.818
540.236	542.368
540.969	543.367
539.601	543.737
543.303	544.724
541.638	545.124
543.868	546.421
543.702	547.757
542.370	550.807
551.068	552.811
553.141	553.859
549.460	555.014
552.714	555.408
553.377	555.624
553.313	556.173
555.116	559.271
554.702	559.714
555.017	559.766
553.082	561.514
557.874	561.858
555.803	561.970
559.612	563.675
562.042	564.198
561.362	565.082
560.907	565.769
563.056	566.335
563.839	566.927
563.246	567.677
564.423	568.046
566.169	568.872
565.367	569.481
565.359	570.379
566.645	572.673
571.602	572.789
573.600	575.476
572.644	576.853
572.697	577.825
577.432	580.601
574.309	580.722
579.742	581.702
577.721	582.436
578.534	582.791
583.168	585.019
583.104	585.989
584.912	587.169
583.530	588.080
585.542	588.232
588.214	590.408
584.322	591.980
590.204	594.404
591.315	594.781
591.647	596.522
592.614	596.585
592.404	598.179
593.736	598.855
593.714	599.049
596.510	600.656
595.729	601.056
598.993	601.224
595.689	601.758
596.156	601.904
601.334	603.050
605.240	605.960
600.402	606.920
605.693	607.068
602.148	607.948
608.605	610.269
608.015	610.746
608.637	611.449
616.250	619.305
616.350	619.906
617.611	620.532
619.911	624.625
618.220	625.681
621.864	626.212
627.090	629.257
624.993	630.521
630.362	632.078
628.841	632.821
622.477	633.870
629.335	634.566
631.446	636.572
639.612	640.654
641.326	644.180
641.774	645.285
645.613	647.851
642.908	648.065
647.815	649.523
648.538	650.005
648.351	651.272
650.895	652.020
655.384	656.545
656.352	657.310
657.498	658.078
653.381	658.967
655.942	659.544
655.856	659.772
660.351	664.172
659.952	665.518
660.613	665.646
663.503	667.723
665.732	667.860
666.739	668.419
666.932	668.777
667.909	669.187
669.027	671.235
670.050	671.309
668.630	672.327
673.218	674.490
672.200	674.763
667.054	676.475
674.394	676.491
674.076	678.261
675.929	678.850
673.871	679.049
675.316	680.923
680.276	681.451
677.628	681.495
681.294	685.974
684.039	686.267
683.441	686.544
684.217	686.604
684.115	689.486
686.765	690.777
686.473	691.348
689.151	693.865
692.954	694.597
690.488	695.276
695.667	696.876
693.580	697.178
696.002	698.961
696.283	699.007
697.625	700.977
701.441	703.086
697.546	704.707
704.982	709.804
705.574	710.656
709.263	711.148
706.032	711.148
709.425	712.295
710.207	714.856
711.863	715.146
715.640	717.495
713.983	717.840
717.948	719.499
717.837	720.325
718.161	722.581
721.262	723.440
723.461	726.020
722.733	726.195
721.973	727.175
730.653	731.800
726.641	734.018
729.231	734.332
730.666	734.351
729.425	734.547
730.770	735.845
735.134	735.958
733.900	736.247
735.710	737.364
736.251	737.906
733.323	737.947
737.044	738.402
739.565	740.515
739.807	742.216
740.869	743.232
742.723	746.286
747.162	747.647
746.082	748.635
747.978	750.464
746.136	750.820
748.148	751.489
748.431	752.065
752.626	753.941
756.828	758.583
754.145	758.834
759.441	762.551
758.746	765.822
768.278	769.915
762.940	771.815
774.776	776.082
773.750	777.583
775.115	781.178
779.637	781.607
778.204	781.741
780.779	782.909
784.421	787.169
786.087	787.734
785.749	787.766
788.155	789.233
789.150	791.238
786.832	791.326
790.750	796.043
795.650	797.792
793.594	797.862
798.926	801.748
801.249	803.578
802.433	805.743
804.304	805.784
800.675	808.075
805.583	808.353
800.538	808.801
809.002	810.290
809.373	811.745
809.825	813.281
804.500	813.376
815.042	817.304
816.145	818.621
819.694	820.791
819.888	820.977
816.596	821.998
819.472	822.379
820.243	823.493
820.918	823.520
820.619	824.474
825.882	826.999
830.353	831.400
826.554	832.129
829.289	833.664
832.069	834.279
830.073	834.539
831.377	835.138
832.305	835.385
833.529	835.946
835.637	836.321
833.660	836.555
838.156	839.373
836.941	840.441
838.006	840.934
839.612	841.704
840.088	842.560
841.906	842.821
840.046	843.603
843.230	845.779
841.565	846.553
845.184	846.952
847.093	848.172
845.052	849.495
846.701	849.653
848.527	850.737
851.229	852.323
849.078	852.480
852.674	853.854
851.714	855.317
849.382	856.024
853.114	856.345
857.161	858.342
860.894	861.326
856.653	862.012
863.712	866.379
864.395	867.383
864.142	867.811
867.667	868.754
869.747	871.083
866.254	871.127
871.805	874.566
872.273	874.732
873.507	879.714
879.742	880.393
879.034	880.514
881.880	884.994
882.222	886.134
885.305	887.174
883.002	888.847
887.648	889.220
886.794	889.954
889.790	891.650
891.151	892.047
891.140	892.885
884.799	892.886
892.098	893.601
893.081	896.291
894.290	896.962
893.672	896.992
893.717	897.592
896.362	899.818
894.701	900.737
899.278	901.204
897.759	902.698
900.431	903.153
897.615	903.335
899.362	903.852
900.654	904.797
900.970	905.348
902.259	905.639
902.097	906.729
904.410	908.060
907.178	909.426
907.464	909.557
906.338	909.584
907.440	910.328
908.150	910.828
909.440	911.390
912.260	915.537
911.784	917.119
915.184	917.756
914.171	917.853
916.918	918.373
914.626	919.220
918.785	922.387
923.101	924.857
926.163	926.595
923.865	928.142
923.882	929.620
927.090	929.798
925.422	930.704
929.291	931.733
929.235	932.113
928.459	933.727
930.771	934.013
935.865	938.669
937.464	939.319
945.903	947.101
944.977	947.412
946.000	948.233
945.637	949.666
947.401	949.994
947.503	951.238
942.412	952.031
952.575	954.057
948.999	955.315
953.405	957.263
956.634	958.557
957.109	959.101
959.558	960.641
963.782	963.919
962.495	965.608
961.061	965.781
963.283	966.388
967.080	968.772
966.752	969.495
966.966	972.324
969.535	972.950
973.474	974.300
971.342	974.817
972.451	974.960
979.733	982.077
981.576	982.988
976.495	983.316
981.100	983.574
980.863	984.718
982.007	984.773
981.797	986.574
982.469	987.855
988.502	990.334
988.915	990.360
982.199	990.708
989.313	995.542
992.018	996.457
992.468	996.647
991.442	996.898
998.139	1003.993
1001.981	1005.478
998.128	1005.918
1006.031	1008.292
1005.713	1008.635
1008.430	1009.893
1009.763	1012.636
1010.900	1015.553
1014.400	1016.345
1012.898	1016.509
1013.751	1016.850
1015.334	1020.471
1016.781	1021.380
1020.702	1023.113
1020.404	1023.893
1022.847	1024.184
1028.677	1029.142
1020.941	1030.752
1029.889	1031.180
1026.703	1031.517
1030.305	1032.047
1029.100	1032.752
1034.261	1036.227
1036.901	1039.838
1037.553	1040.143
1039.326	1041.019
1039.289	1041.572
1036.137	1042.214
1036.938	1042.238
1039.472	1043.313
1043.355	1045.501
1043.595	1047.662
1046.000	1047.981
1050.363	1052.259
1049.230	1052.278
1049.454	1052.414
1045.360	1052.950
1051.546	1053.613
1051.746	1053.772
1054.797	1056.963
1063.696	1064.996
1064.669	1065.606
1062.775	1065.772
1065.161	1067.867
1064.139	1068.092
1064.364	1068.448
1070.749	1071.887
1070.618	1072.472
1070.472	1074.006
1072.534	1074.556
1074.561	1076.583
1073.063	1077.206
1075.482	1079.263
1078.722	1079.404
1079.925	1081.124
1079.613	1081.988
1079.784	1083.521
1081.892	1086.324
1082.974	1086.616
1084.713	1086.973
1084.461	1087.406
1088.023	1091.829
1089.559	1091.975
1098.281	1099.382
1100.098	1101.724
1100.303	1102.446
1099.269	1104.462
1103.116	1105.678
1104.118	1105.871
1105.512	1106.900
1106.647	1109.004
1106.719	1109.174
1107.848	1111.347
1110.120	1111.461
1111.167	1113.873
1113.511	1114.357
1113.723	1118.209
1115.296	1119.294
1117.177	1120.358
1118.675	1121.024
1119.450	1121.323
1120.652	1124.698
1122.786	1126.539
1125.960	1127.019
1129.070	1130.423
1129.513	1132.904
1130.246	1133.424
1131.614	1133.875
1130.716	1134.549
1135.876	1139.017
1134.387	1139.621
1135.620	1139.810
1135.314	1141.348
1139.902	1141.371
1139.822	1142.450
1143.044	1144.640
1141.862	1144.917
1144.363	1146.198
1144.001	1146.853
1144.579	1148.915
1148.609	1151.643
1150.855	1153.077
1151.984	1153.958
1153.856	1155.591
1154.258	1156.771
1152.585	1158.972
1159.720	1163.427
1162.104	1166.354
1174.813	1178.450
1176.977	1179.874
1176.501	1180.095
1179.358	1181.606
1180.691	1182.890
1184.090	1186.558
1188.425	1190.788
1194.512	1195.380
1191.911	1195.812
1192.114	1196.155
1190.445	1197.049
1200.118	1201.788
1197.865	1202.655
1200.954	1205.247
1205.815	1208.101
1203.908	1208.433
1206.534	1210.125
1210.949	1212.301
1213.421	1214.550
1212.800	1217.721
1222.874	1226.663
1227.981	1229.671
1227.223	1233.305
1230.587	1233.906
1232.346	1234.772
1228.329	1235.157
1231.916	1235.501
1232.418	1235.867
1236.760	1237.378
1234.135	1239.660
1235.518	1240.402
1233.469	1240.547
1241.469	1243.752
1243.954	1245.934
1242.655	1246.190
1244.758	1247.252
1246.037	1247.543
1245.974	1247.803
1248.646	1251.007
1247.929	1251.104
1250.232	1254.523
1254.518	1254.977
1252.616	1255.191
1254.921	1256.429
1253.644	1256.678
1254.699	1256.879
1259.147	1261.042
1258.393	1262.193
1255.610	1262.350
1261.603	1262.610
1263.468	1264.592
1263.508	1265.610
1260.540	1265.765
1264.582	1267.227
1266.654	1267.399
1267.494	1271.933
1269.621	1272.118
1271.188	1273.149
1272.292	1273.823
1271.994	1274.463
1273.646	1274.552
1275.978	1276.649
1271.685	1278.762
1272.556	1278.771
1280.905	1282.951
1283.107	1284.471
1281.187	1285.000
1287.247	1289.616
1288.704	1290.462
1287.131	1290.966
1291.408	1292.499
1291.310	1292.680
1290.777	1293.671
1287.814	1294.428
1292.123	1295.802
1297.498	1300.112
1297.867	1300.594
1302.140	1303.507
1303.161	1304.800
1296.306	1305.930
1306.221	1308.037
1306.785	1309.873
1306.190	1311.028
1310.656	1313.219
1311.070	1313.657
1306.628	1313.690
1310.716	1314.847
1313.216	1316.583
1313.021	1317.770
1319.557	1320.972
1320.111	1321.274
1320.745	1324.188
1325.560	1327.639
1326.274	1327.835
1325.528	1328.345
1325.781	1330.087
1328.897	1330.527
1327.464	1330.566
1330.328	1333.421
1333.795	1336.452
1330.344	1337.285
1336.651	1339.276
1339.611	1340.254
1339.828	1341.582
1341.680	1343.835
1341.700	1344.651
1339.538	1344.696
1338.556	1345.019
1346.360	1348.755
1347.514	1350.951
1348.389	1352.131
1349.940	1353.853
1355.320	1357.742
1355.165	1359.782
1357.120	1362.146
1360.938	1362.657
1360.911	1365.623
1359.747	1366.525
1364.329	1367.238
1366.095	1367.737
1368.623	1369.623
1365.362	1370.102
1368.125	1370.827
1369.058	1371.622
1371.927	1373.821
1372.775	1374.134
1371.030	1374.930
1373.254	1375.607
1372.198	1375.926
1376.950	1379.432
1379.659	1380.524
1379.657	1382.605
1382.620	1383.734
1379.384	1384.581
1386.356	1388.462
1385.478	1388.808
1388.266	1389.907
1388.055	1390.527
1390.770	1391.833
1391.360	1392.549
1392.194	1395.039
1394.477	1396.267
1393.665	1396.548
1392.256	1397.387
1393.434	1398.377
1396.456	1399.962
1396.085	1400.475
1400.647	1404.840
1401.832	1406.166
1406.008	1407.121
1406.756	1408.623
1408.820	1412.067
1411.580	1414.795
1412.803	1415.393
1414.919	1416.197
1414.661	1416.751
1410.917	1416.755
1415.694	1418.397
1415.976	1419.022
1416.422	1420.087
1416.753	1420.087
1418.290	1420.187
1414.113	1420.190
1418.499	1424.978
1427.275	1428.681
1425.745	1429.306
1427.536	1431.561
1427.784	1431.723
1424.072	1431.770
1426.484	1431.873
1430.665	1433.518
1430.706	1433.744
1427.810	1435.842
1433.553	1436.546
1433.544	1437.978
1433.971	1438.578
1436.076	1440.626
1441.457	1443.501
1438.980	1444.969
1443.406	1446.093
1445.688	1447.227
1453.719	1457.489
1458.691	1459.491
1458.457	1460.876
1457.963	1461.927
1457.908	1462.617
1461.640	1462.823
1470.507	1471.341
1471.718	1473.400
1471.555	1473.507
1472.315	1473.910
1470.974	1474.865
1473.896	1476.187
1476.609	1477.581
1475.470	1480.470
1476.596	1480.590
1481.500	1483.573
1478.985	1485.233
1483.682	1485.632
1481.341	1485.972
1482.235	1487.094
1485.867	1487.354
1483.858	1488.278
1491.064	1493.764
1493.848	1495.140
1497.720	1498.701
1496.059	1500.814
1501.089	1501.877
1501.144	1501.996
1496.703	1506.781
1508.287	1509.337
1508.486	1509.943
1509.411	1511.050
1510.805	1511.450
1508.191	1511.572
1511.657	1513.234
1512.589	1516.252
1515.140	1516.715
1515.340	1518.521
1516.680	1519.388
1519.495	1520.089
1517.565	1520.143
1518.359	1521.443
1517.201	1523.383
1521.576	1523.752
1522.168	1524.414
1520.889	1524.831
1525.361	1525.933
1523.726	1526.079
1525.197	1526.953
1526.304	1527.761
1527.358	1528.365
1525.147	1529.344
1528.073	1531.690
1531.994	1534.760
1533.143	1536.039
1535.076	1537.146
1531.030	1539.571
1536.325	1539.954
1536.902	1540.532
1537.409	1541.032
1542.117	1545.034
1545.145	1547.576
1542.610	1548.575
1545.541	1548.822
1547.796	1550.834
1548.444	1551.960
1552.453	1553.478
1553.776	1556.264
1550.070	1556.932
1556.118	1557.072
1556.352	1558.308
1554.572	1558.475
1559.154	1560.054
1561.140	1563.136
1562.523	1564.082
1563.356	1564.941
1567.226	1567.841
1565.710	1570.325
1570.070	1571.850
1571.087	1572.427
1571.942	1575.410
1574.753	1577.211
1576.532	1579.188
1576.995	1581.545
1584.894	1586.093
1584.861	1587.487
1586.678	1588.431
1583.549	1591.155
1591.446	1592.519
1590.118	1594.949
1594.100	1595.740
1595.788	1596.756
1595.199	1597.203
1592.659	1597.696
1593.526	1597.870
1596.412	1599.544
1599.582	1601.797
1603.534	1605.235
1603.424	1606.137
1606.019	1608.797
1604.824	1608.946
1604.222	1609.621
1606.317	1611.269
1608.877	1611.457
1610.724	1611.982
1611.055	1612.422
1610.246	1612.462
1612.735	1613.036
1609.087	1613.755
1614.135	1614.642
1613.511	1616.412
1614.196	1616.449
1622.111	1622.660
1620.663	1623.616
1622.488	1624.017
1621.861	1625.147
1625.047	1626.833
1623.850	1628.376
1627.367	1629.344
1628.745	1629.973
1631.629	1633.534
1631.528	1634.727
1631.955	1635.329
1632.980	1636.556
1634.864	1637.355
1635.807	1637.538
1635.732	1638.205
1632.870	1638.317
1639.006	1640.100
1638.353	1641.421
1637.383	1641.994
1642.715	1644.189
1641.224	1644.654
1641.000	1646.179
1645.320	1646.461
1643.196	1646.649
1644.450	1647.855
1646.786	1650.104
1648.514	1650.304
1650.021	1651.448
1650.298	1652.181
1650.199	1654.143
1655.848	1659.341
1659.249	1660.982
1659.825	1662.003
1659.895	1662.203
1661.982	1662.601
1665.847	1668.032
1669.917	1670.762
1668.884	1672.190
1670.017	1673.156
1671.095	1674.494
1667.263	1674.933
1675.937	1678.181
1675.891	1678.976
1677.821	1679.652
1677.869	1680.010
1680.188	1682.234
1682.260	1682.648
1679.766	1686.256
1682.901	1687.006
1680.628	1687.572
1686.905	1687.690
1683.652	1688.428
1687.693	1688.726
1690.062	1692.055
1689.070	1694.131
1690.947	1695.776
1697.336	1700.174
1694.446	1700.559
1700.896	1702.538
1700.224	1702.868
1699.441	1703.297
1698.653	1704.218
1704.018	1704.877
1703.343	1706.091
1706.754	1709.175
1708.959	1709.968
1709.591	1711.943
1714.483	1715.829
1717.017	1718.885
1717.506	1719.135
1715.315	1719.334
1714.695	1719.875
1719.815	1720.194
1718.948	1721.028
1721.305	1724.243
1721.316	1724.411
1722.688	1724.961
1724.423	1726.241
1723.500	1726.558
1725.719	1728.088
1725.524	1729.287
1724.456	1729.327
1726.416	1730.204
1730.180	1731.901
1730.483	1731.945
1733.522	1737.229
1736.129	1737.999
1735.921	1738.332
1736.070	1738.647
1740.092	1741.728
1738.187	1744.402
1744.190	1747.669
1741.185	1749.331
1745.915	1751.507
1754.041	1755.540
1754.700	1757.812
1757.447	1759.882
1758.230	1762.094
1758.968	1762.123
1758.958	1763.198
1758.987	1763.280
1766.430	1767.329
1764.957	1769.999
1766.935	1770.090
1767.814	1770.720
1768.788	1773.030
1767.319	1773.056
1768.792	1773.455
1772.971	1780.349
1779.520	1780.479
1784.666	1786.121
1784.387	1787.242
1789.297	1792.169
1792.080	1793.232
1793.543	1794.288
1795.514	1797.679
1796.333	1798.422
1796.550	1798.783
1796.502	1801.802
1800.624	1802.203
1802.923	1804.157
1799.832	1804.178
1803.097	1804.717
1803.690	1805.759
1805.703	1808.072
1804.958	1810.445
1807.305	1811.762
1812.043	1814.041
1813.402	1814.294
1811.812	1816.040
1815.073	1818.505
1811.361	1821.716
1821.184	1822.011
1825.394	1826.737
1827.007	1830.173
1830.535	1833.267
1828.414	1834.020
1833.567	1836.678
1835.202	1837.041
1835.267	1838.503
1835.895	1838.837
1836.055	1839.610
1836.962	1839.841
1837.721	1840.140
1843.125	1846.262
1844.619	1846.520
1846.190	1848.443
1851.642	1853.913
1853.673	1855.100
1861.225	1863.301
1862.891	1865.382
1858.111	1865.562
1862.835	1866.817
1863.506	1869.443
1869.396	1872.003
1864.455	1872.595
1869.352	1874.472
1873.469	1876.566
1873.315	1876.807
1875.529	1878.383
1878.000	1881.004
1881.836	1883.873
1880.639	1883.990
1884.011	1885.163
1885.194	1886.961
1887.102	1888.232
1884.946	1888.371
1889.140	1890.444
1886.851	1891.289
1890.204	1892.408
1891.582	1894.634
1894.453	1896.594
1893.988	1896.894
1892.456	1897.359
1895.024	1897.886
1897.750	1897.922
1896.408	1898.461
1898.438	1900.121
1899.234	1900.237
1897.800	1900.529
1898.106	1900.538
1899.409	1902.802
1900.256	1903.234
1903.273	1904.983
1902.811	1905.861
1903.831	1906.450
1903.991	1908.098
1904.815	1909.448
1903.672	1909.484
1906.924	1910.543
1909.487	1912.161
1910.298	1913.727
1911.952	1915.903
1915.118	1918.143
1914.130	1918.615
1917.151	1919.809
1918.013	1921.129
1920.870	1922.145
1923.164	1927.784
1924.868	1929.493
1928.738	1930.341
1930.064	1932.332
1927.749	1933.150
1930.605	1935.930
1931.569	1937.443
1936.421	1938.355
1935.205	1938.382
1938.135	1939.072
1938.826	1939.474
1938.625	1941.368
1938.647	1941.790
1940.673	1944.102
1940.093	1944.801
1943.932	1946.502
1946.454	1946.906
1938.716	1947.866
1943.193	1949.512
1946.496	1950.937
1951.597	1952.862
1949.157	1954.809
1953.577	1956.624
1954.933	1957.469
1956.637	1957.678
1957.876	1959.253
1956.686	1959.745
1964.266	1965.179
1964.380	1966.802
1966.856	1969.394
1971.005	1973.997
1974.665	1977.273
1975.263	1977.921
1976.528	1979.138
1977.919	1980.797
1977.419	1981.040
1976.634	1982.077
1979.036	1982.408
1980.806	1982.501
1979.953	1983.157
1983.031	1985.072
1983.406	1986.250
1982.425	1986.624
1993.273	1993.873
1991.522	1995.032
1994.214	1995.116
1994.570	1997.818
1993.661	1997.987
1995.148	1998.233
1998.423	2000.330
1998.548	2002.138
2001.011	2002.866
2004.079	2008.120
2001.206	2008.249
2002.457	2008.714
2004.938	2009.164
2004.416	2009.263
2001.476	2009.810
2008.192	2011.464
2008.531	2011.798
2009.904	2012.295
2005.867	2013.063
2008.605	2014.655
2006.571	2014.706
2011.942	2015.573
2010.181	2017.709
2012.771	2017.849
2012.515	2018.956
2015.252	2019.348
2016.305	2019.974
2015.609	2020.034
2015.399	2021.677
2017.865	2022.865
2018.117	2023.133
2016.204	2023.180
2020.438	2024.504
2021.416	2026.859
2020.128	2027.139
2025.423	2028.420
2026.809	2028.610
2027.922	2029.351
2027.042	2029.724
2028.217	2031.251
2029.261	2031.463
2028.746	2031.523
2032.980	2035.680
2034.171	2036.154
2032.839	2036.289
2034.326	2036.975
2035.253	2038.593
2040.584	2043.157
2040.700	2044.489
2042.656	2046.627
2045.724	2050.042
2047.244	2051.348
2047.576	2052.364
2050.001	2053.222
2051.844	2056.126
2053.829	2057.564
2052.339	2057.807
2056.889	2058.163
2057.092	2059.384
2057.933	2061.016
2060.700	2062.954
2066.864	2069.461
2065.703	2070.489
2067.597	2074.059
2070.950	2075.974
2077.701	2079.028
2078.450	2080.613
2075.464	2081.042
2077.396	2082.551
2079.650	2084.088
2080.317	2084.243
2082.323	2086.572
2077.390	2086.690
2079.152	2086.696
2084.196	2087.513
2083.089	2088.992
2087.364	2090.228
2090.401	2092.075
2093.439	2094.582
2092.727	2094.920
2095.102	2097.241
2100.385	2103.218
2101.928	2103.411
2102.289	2104.804
2104.615	2107.478
2107.262	2108.366
2106.570	2108.533
2106.563	2110.165
2107.336	2110.302
2108.941	2110.588
2106.920	2110.699
2107.925	2112.256
2107.405	2113.958
2114.903	2115.483
2109.764	2115.687
2114.888	2116.513
2114.347	2117.985
2118.217	2120.206
2117.378	2120.855
2115.757	2120.968
2121.342	2122.110
2118.537	2122.624
2121.670	2123.578
2119.718	2124.316
2127.345	2128.129
2122.636	2128.440
2127.447	2129.971
2128.347	2131.052
2129.853	2131.501
2128.978	2131.670
2133.959	2136.196
2136.345	2137.146
2135.828	2137.347
2135.402	2137.852
2139.093	2141.610
2140.127	2142.033
2140.815	2144.002
2143.455	2146.169
2146.224	2147.092
2144.849	2149.712
2145.614	2150.480
2156.358	2157.165
2156.002	2157.295
2155.529	2159.366
2156.160	2159.769
2156.371	2161.391
2160.627	2161.456
2161.582	2162.241
2163.603	2164.340
2163.731	2166.093
2162.484	2167.236
2165.551	2170.645
2168.595	2171.070
2168.743	2171.391
2164.785	2171.485
2169.144	2172.036
2168.886	2173.377
2171.470	2173.473
2169.353	2175.091
2170.900	2175.743
2173.095	2176.069
2173.989	2176.750
2171.508	2178.145
2181.671	2183.669
2182.528	2183.858
2179.960	2186.459
2187.235	2191.322
2192.247	2193.020
2190.392	2194.643
2192.393	2194.705
2191.849	2195.335
2190.673	2195.369
2194.070	2199.161
2198.314	2199.923
2199.203	2200.515
2198.814	2200.655
2195.328	2201.081
2197.110	2201.590
2199.710	2202.354
2200.236	2204.271
2203.132	2204.711
2202.316	2204.833
2202.850	2206.269
2205.217	2207.916
2205.594	2208.529
2205.670	2210.008
2203.329	2210.011
2203.874	2210.970
2204.420	2211.703
2208.755	2211.759
2210.553	2213.208
2213.826	2216.581
2214.086	2217.952
2216.150	2218.635
2216.383	2220.917
2219.082	2222.147
2219.347	2222.911
2221.849	2224.342
2222.339	2224.432
2226.308	2228.840
2227.589	2230.231
2231.014	2233.327
2233.058	2236.326
2233.164	2237.885
2237.508	2238.205
2236.298	2238.857
2238.847	2241.312
2238.973	2241.963
2243.300	2245.874
2244.981	2246.055
2242.384	2246.144
2243.660	2247.457
2245.983	2249.777
2249.171	2250.280
2248.475	2250.604
2250.408	2251.324
2251.649	2253.221
2250.764	2254.394
2251.894	2255.227
2251.427	2255.555
2252.617	2256.710
2255.369	2259.164
2253.378	2259.218
2255.916	2259.503
2257.555	2259.783
2261.639	2263.921
2262.521	2265.274
2266.790	2268.281
2265.000	2268.289
2269.336	2270.642
2269.342	2270.938
2269.416	2271.606
2274.284	2276.057
2276.314	2277.021
2269.627	2277.837
2275.551	2279.255
2278.618	2280.483
2281.115	2282.494
2282.062	2283.498
2282.481	2283.872
2281.113	2284.151
2282.153	2284.595
2283.473	2286.436
2285.801	2288.054
2289.056	2290.611
2291.902	2293.258
2302.142	2302.612
2302.994	2303.644
2301.847	2304.090
2300.185	2304.550
2299.892	2305.610
2304.725	2306.730
2308.248	2309.030
2310.224	2312.734
2309.490	2314.128
2313.966	2316.458
2313.653	2316.681
2316.918	2320.910
2317.436	2322.162
2319.637	2323.140
2322.330	2325.941
2322.358	2326.219
2324.004	2327.361
2328.234	2330.067
2327.816	2330.150
2328.568	2331.133
2329.278	2332.084
2330.836	2334.104
2334.561	2335.013
2335.123	2335.849
2335.760	2337.237
2332.555	2338.338
2333.434	2338.451
2336.199	2338.725
2339.259	2339.988
2340.271	2343.386
2343.655	2344.937
2340.664	2345.084
2347.457	2347.960
2345.190	2348.016
2347.731	2348.936
2350.543	2353.884
2357.137	2360.523
2357.443	2361.429
2361.404	2362.593
2360.882	2363.623
2360.777	2363.834
2365.290	2367.469
2366.303	2367.671
2363.124	2368.753
2368.280	2372.203
2364.555	2373.233
2372.249	2373.768
2373.422	2377.425
2372.143	2379.107
2376.491	2380.444
2378.038	2381.119
2379.335	2381.617
2379.966	2384.474
2382.769	2386.184
2386.762	2388.030
2386.594	2390.028
2388.971	2390.943
2390.105	2392.161
2394.012	2396.053
2394.749	2396.200
2392.268	2396.288
2396.201	2398.460
2391.271	2399.906
2398.335	2401.505
2400.829	2403.518
2401.545	2404.300
2401.381	2404.396
2403.079	2406.216
2403.240	2408.220
2407.843	2410.741
2408.879	2410.823
2405.292	2411.762
2410.041	2415.782
2415.862	2417.060
2415.893	2417.522
2417.761	2420.227
2416.822	2420.970
2423.399	2424.598
2422.486	2424.853
2423.682	2426.283
2422.355	2426.290
2423.029	2426.752
2425.352	2428.034
2428.168	2430.326
2426.532	2431.629
2426.942	2431.952
2425.577	2432.710
2430.119	2434.252
2432.680	2434.703
2431.626	2435.143
2432.784	2435.846
2432.693	2436.092
2435.738	2440.101
2436.983	2441.104
2437.085	2442.239
2440.742	2443.396
2441.869	2443.420
2439.338	2444.204
2444.114	2445.946
2443.479	2445.946
2447.493	2448.777
2451.247	2454.187
2451.162	2456.460
2458.779	2461.137
2459.315	2462.695
2460.598	2462.758
2460.289	2463.353
2462.409	2465.651
2464.821	2467.258
2461.040	2469.329
2465.494	2469.364
2466.740	2470.630
2468.974	2471.414
2460.773	2471.619
2467.068	2471.811
2474.663	2475.258
2474.252	2478.356
2478.044	2479.778
2478.937	2481.578
2479.458	2481.639
2476.840	2483.609
2483.971	2484.985
2485.408	2486.731
2487.774	2489.210
2490.805	2492.073
2484.468	2492.549
2491.121	2496.169
2492.921	2496.498
2494.200	2497.189
2494.348	2497.210
2491.062	2497.704
2496.973	2499.414
2495.049	2499.546
2495.198	2500.839
2496.720	2501.036
2497.100	2502.480
2497.473	2502.686
2500.412	2504.042
2497.159	2504.045
2503.947	2504.642
2498.943	2504.706
2502.686	2505.574
2503.495	2505.881
2505.952	2508.793
2508.026	2510.289
2507.877	2510.298
2508.601	2512.651
2511.489	2515.096
2515.061	2517.261
2516.779	2517.932
2515.660	2518.729
2519.960	2522.978
2520.351	2524.123
2521.584	2524.134
2524.479	2526.535
2527.723	2529.430
2527.965	2530.288
2528.171	2531.349
2528.498	2531.742
2528.597	2532.192
2527.560	2534.378
2532.957	2535.470
2533.842	2537.337
2530.762	2537.343
2534.669	2538.147
2534.779	2538.302
2535.477	2538.825
2538.924	2541.943
2543.319	2545.222
2546.438	2548.201
2545.936	2549.342
2548.798	2550.177
2545.804	2550.455
2550.247	2550.985
2549.441	2553.635
2553.487	2555.688
2555.147	2555.763
2552.575	2556.773
2551.599	2557.495
2555.935	2558.664
2558.430	2563.346
2562.083	2563.709
2562.485	2564.472
2561.855	2564.643
2563.298	2566.318
2564.089	2566.926
2562.945	2566.948
2566.215	2568.688
2563.409	2569.320
2568.894	2570.975
2568.899	2572.323
2571.992	2573.791
2574.260	2575.215
2574.740	2576.270
2575.255	2578.518
2574.420	2579.527
2580.424	2581.464
2581.141	2582.233
2580.105	2582.909
2582.941	2584.332
2582.062	2585.048
2582.031	2585.127
2585.346	2586.166
2585.907	2586.656
2586.012	2587.960
2585.245	2588.437
2588.094	2592.101
2586.054	2593.063
2593.410	2596.052
2596.970	2598.211
2600.770	2602.983
2601.923	2603.251
2602.800	2607.384
2606.942	2608.711
2605.727	2608.732
2601.939	2609.116
2608.835	2610.919
2610.595	2613.523
2613.007	2613.985
2614.586	2616.721
2613.729	2617.906
2614.909	2619.386
2618.796	2620.441
2615.937	2621.052
2619.640	2621.930
2616.686	2622.570
2622.743	2624.457
2625.784	2628.220
2628.159	2630.898
2630.007	2632.287
2631.758	2632.500
2631.819	2633.949
2634.567	2635.419
2632.960	2636.069
2631.714	2636.814
2635.009	2637.152
2633.931	2638.156
2635.721	2638.831
2636.376	2640.572
2639.455	2641.217
2638.749	2641.535
2640.977	2642.628
2637.427	2643.146
2641.008	2643.306
2643.762	2644.166
2642.105	2645.361
2642.464	2646.126
2646.469	2648.714
2647.697	2649.165
2648.116	2652.064
2647.878	2652.979
2651.777	2653.487
2650.799	2653.654
2652.349	2654.573
2653.043	2656.206
2654.098	2657.162
2656.627	2658.315
2658.362	2659.815
2657.433	2659.902
2660.621	2662.089
2659.945	2663.008
2659.868	2665.403
2663.327	2665.404
2664.328	2665.415
2666.204	2668.831
2667.909	2670.705
2668.214	2671.888
2668.496	2672.023
2670.168	2673.328
2670.513	2674.486
2672.490	2675.860
2673.563	2676.465
2673.775	2676.971
2675.776	2679.308
2676.546	2679.663
2674.122	2680.314
2670.665	2680.356
2678.161	2682.177
2678.977	2682.517
2679.841	2682.703
2678.046	2683.689
2677.745	2685.307
2684.750	2687.550
2679.688	2689.505
2684.529	2691.389
2689.676	2691.695
2689.784	2692.168
2693.757	2696.227
2692.017	2697.077
2694.573	2698.464
2697.048	2699.187
2702.514	2705.217
2703.728	2706.752
2705.615	2707.097
2702.958	2707.905
2704.008	2708.854
2708.063	2711.576
2709.749	2712.696
2709.241	2715.892
2713.381	2718.217
2716.825	2720.596
2718.433	2721.229
2721.864	2725.400
2724.689	2725.805
2720.989	2727.060
2721.403	2727.082
2725.869	2728.336
2724.507	2729.052
2726.291	2729.218
2728.010	2729.352
2726.085	2729.572
2728.321	2730.040
2732.485	2732.889
2730.914	2733.912
2730.752	2733.961
2730.535	2735.466
2735.128	2737.135
2735.903	2738.644
2736.075	2738.801
2736.999	2742.275
2740.514	2742.490
2742.414	2743.419
2743.571	2745.341
2740.766	2745.693
2741.418	2746.102
2740.254	2746.366
2743.878	2747.840
2749.216	2750.032
2750.335	2752.094
2749.488	2753.328
2749.341	2753.417
2751.317	2753.496
2751.546	2753.667
2752.224	2755.310
2755.326	2755.772
2752.111	2756.365
2754.179	2756.695
2755.515	2756.963
2754.340	2758.163
2756.089	2759.070
2757.437	2759.616
2757.918	2759.979
2757.212	2760.769
2759.309	2761.784
2763.785	2764.931
2766.385	2768.498
2767.184	2768.754
2769.111	2770.889
2767.800	2771.061
2764.799	2771.286
2768.569	2771.291
2769.683	2772.761
2769.124	2773.737
2770.260	2775.054
2773.155	2775.135
2776.899	2778.096
2776.069	2779.107
2775.327	2779.448
2777.427	2780.694
2780.409	2782.905
2779.063	2783.195
2781.734	2783.669
2779.332	2787.212
2786.803	2787.468
2787.905	2791.318
2788.979	2792.813
2789.085	2793.259
2790.869	2793.296
2791.256	2795.262
2792.391	2795.551
2793.713	2796.822
2795.243	2798.169
2796.621	2798.272
2798.366	2799.049
2794.269	2800.220
2802.240	2804.557
2802.599	2805.214
2802.328	2805.555
2796.665	2806.085
2806.636	2807.823
2807.596	2809.831
2807.744	2809.904
2807.994	2811.420
2808.982	2811.889
2809.986	2812.938
2812.917	2815.073
2813.102	2816.299
2813.811	2816.586
2814.035	2818.159
2813.784	2818.503
2814.509	2819.027
2817.419	2819.769
2809.879	2820.213
2819.818	2822.449
2819.913	2822.729
2821.956	2823.397
2822.663	2823.902
2826.084	2827.555
2824.915	2828.445
2824.440	2829.455
2830.744	2831.999
2830.755	2832.548
2831.456	2834.879
2835.080	2836.990
2835.286	2838.803
2838.118	2841.479
2841.683	2844.141
2843.547	2844.476
2841.097	2844.491
2842.962	2845.201
2844.359	2845.219
2844.275	2846.241
2847.577	2848.705
2845.173	2849.824
2847.116	2850.541
2851.361	2852.635
2845.661	2852.703
2853.154	2854.597
2855.781	2858.388
2853.247	2859.581
2855.578	2859.741
2853.845	2860.029
2859.363	2863.382
2861.009	2863.846
2858.578	2864.192
2860.696	2864.253
2862.899	2866.241
2864.982	2866.728
2865.337	2868.489
2868.434	2869.302
2864.317	2871.364
2871.039	2872.930
2874.330	2875.241
2874.948	2876.551
2872.289	2876.701
2874.610	2877.492
2874.867	2877.792
2875.513	2878.751
2876.967	2880.584
2877.419	2881.168
2875.570	2881.587
2878.877	2881.814
2876.505	2882.010
2878.837	2883.793
2879.852	2884.399
2886.765	2888.724
2883.705	2890.292
2885.867	2890.597
2885.613	2891.807
2888.081	2892.047
2887.653	2892.358
2887.890	2892.391
2889.063	2894.788
2894.160	2896.231
2897.678	2899.082
2895.455	2899.278
2897.305	2900.811
2899.774	2904.571
2903.859	2905.075
2905.126	2906.593
2907.902	2910.320
2906.363	2910.614
2907.292	2911.622
2908.368	2913.869
2909.622	2914.379
2911.720	2915.943
2913.957	2916.901
2913.806	2917.713
2915.129	2917.988
2911.485	2918.442
2916.447	2919.805
2915.274	2921.080
2919.481	2923.500
2917.137	2924.277
2923.992	2924.789
2924.071	2924.922
2923.082	2925.444
2925.702	2927.733
2926.479	2927.991
2925.292	2928.186
2933.709	2934.440
2933.267	2935.719
2933.803	2936.134
2934.770	2937.425
2938.541	2943.705
2937.649	2943.793
2946.733	2948.706
2942.129	2949.472
2955.503	2956.615
2956.197	2958.366
2956.276	2959.522
2958.841	2961.281
2960.369	2963.259
2962.303	2963.739
2960.642	2965.611
2965.788	2966.979
2968.031	2970.221
2968.795	2970.630
2971.759	2972.220
2968.820	2974.503
2972.428	2974.810
2967.116	2975.377
2974.799	2975.663
2971.378	2976.573
2979.390	2981.470
2979.258	2982.239
2980.743	2982.616
2979.999	2983.457
2982.116	2984.809
2985.243	2986.591
2988.783	2990.846
2989.916	2991.860
2987.808	2992.035
2990.632	2994.315
2994.474	2997.289
2994.699	2997.864
2996.943	2998.520
2997.264	2998.677
2992.125	2999.251
3000.066	3000.930
2997.652	3001.284
2999.202	3001.339
2999.777	3003.932
3003.108	3005.768
3002.728	3005.801
3006.931	3010.059
3007.953	3011.923
3009.018	3012.912
3012.053	3014.460
3012.247	3015.441
3014.464	3015.942
3015.820	3016.907
3014.364	3018.036
3013.790	3018.977
3019.933	3021.663
3020.959	3022.744
3024.194	3028.850
3027.998	3029.710
3026.141	3030.022
3030.129	3032.419
3029.495	3036.500
3036.986	3037.759
3036.961	3039.810
3038.866	3040.107
3041.656	3043.753
3039.474	3044.301
3045.403	3046.960
3042.024	3046.970
3041.424	3047.052
3042.623	3048.224
3045.874	3050.571
3049.651	3052.169
3049.521	3052.209
3052.149	3052.867
3048.294	3054.848
3048.506	3055.098
3053.313	3057.470
3054.349	3058.560
3056.850	3059.383
3059.033	3060.803
3059.517	3061.925
3061.912	3063.930
3063.272	3065.332
3061.545	3065.426
3059.899	3065.581
3060.625	3065.968
3063.995	3067.360
3064.598	3067.467
3066.446	3070.315
3071.777	3073.378
3071.473	3074.084
3074.263	3075.976
3077.118	3078.578
3076.358	3078.658
3079.581	3080.564
3080.718	3081.265
3076.265	3082.603
3080.339	3082.830
3081.196	3083.931
3081.673	3084.057
3079.163	3085.177
3083.213	3086.033
3082.429	3087.972
3082.398	3088.004
3083.337	3088.007
3085.146	3089.008
3091.840	3092.793
3092.763	3096.477
3094.531	3096.557
3095.631	3098.391
3096.886	3098.754
3097.926	3100.434
3097.351	3101.823
3099.321	3102.268
3101.282	3102.822
3100.815	3103.450
3101.343	3104.837
3105.165	3105.535
3103.279	3105.767
3105.573	3106.306
3103.291	3106.479
3105.146	3106.751
3106.568	3108.606
3108.776	3111.396
3114.270	3115.552
3112.156	3115.695
3113.650	3116.799
3113.503	3116.808
3115.358	3117.952
3120.943	3122.778
3121.415	3123.065
3121.570	3124.776
3120.959	3125.827
3120.711	3126.190
3124.737	3126.957
3122.661	3127.458
3121.864	3127.729
3127.983	3128.898
3122.359	3129.116
3127.919	3130.079
3127.780	3130.809
3128.877	3130.942
3131.342	3132.506
3132.398	3133.023
3130.050	3134.057
3131.676	3135.271
3134.631	3136.884
3136.509	3140.319
3138.119	3140.445
3136.807	3140.941
3137.906	3142.213
3140.641	3142.877
3141.062	3143.325
3139.022	3144.252
3147.344	3149.226
3148.007	3149.871
3147.798	3151.429
3147.202	3152.578
3150.784	3153.100
3150.990	3156.539
3155.682	3156.712
3156.997	3159.560
3154.769	3160.549
3158.866	3161.050
3162.361	3164.075
3160.309	3164.198
3162.022	3164.449
3162.853	3165.869
3162.276	3166.937
3162.889	3168.381
3164.926	3169.432
3166.225	3170.355
3168.004	3170.634
3170.139	3171.728
3169.320	3172.807
3174.911	3176.947
3172.814	3178.354
3177.044	3178.768
3176.769	3179.283
3179.866	3183.447
3181.751	3183.847
3181.041	3184.601
3180.735	3185.612
3183.983	3186.147
3184.005	3186.251
3185.221	3186.398
3188.658	3192.410
3190.727	3192.787
3191.766	3193.377
3194.755	3196.543
3195.804	3197.105
3195.404	3197.557
3195.000	3197.893
3196.299	3199.542
3196.195	3200.268
3196.938	3201.334
3195.391	3201.502
3197.513	3201.709
3196.071	3202.246
3198.411	3202.832
3200.602	3203.786
3199.646	3204.259
3199.239	3204.501
3203.456	3204.949
3199.422	3206.294
3201.830	3206.369
3204.357	3206.741
3209.556	3210.001
3205.417	3210.043
3204.987	3210.201
3211.087	3212.715
3211.387	3213.409
3211.494	3217.486
3218.921	3219.940
3220.788	3221.631
3223.706	3225.952
3226.351	3228.521
3228.987	3231.922
3231.136	3233.781
3230.864	3234.639
3234.155	3236.614
3233.350	3237.132
3237.223	3240.449
3236.938	3242.082
3242.390	3243.496
3242.800	3244.055
3243.294	3245.174
3243.780	3245.997
3244.189	3246.020
3245.293	3247.446
3242.660	3247.760
3245.345	3248.251
3248.784	3250.145
3249.435	3251.300
3247.004	3251.973
3252.127	3254.467
3252.193	3255.175
3254.732	3255.616
3254.813	3257.677
3252.867	3257.756
3256.673	3260.365
3258.764	3261.101
3260.844	3262.922
3263.611	3265.700
3264.656	3266.410
3264.742	3267.381
3265.769	3268.545
3266.047	3268.842
3268.923	3270.075
3270.304	3274.124
3268.208	3274.364
3277.187	3281.550
3280.151	3282.203
3282.404	3284.661
3283.836	3286.218
3283.530	3288.379
3287.791	3288.457
3289.514	3290.871
3289.081	3293.232
3291.566	3294.051
3292.659	3294.314
3289.051	3294.450
3293.292	3295.347
3292.700	3296.461
3292.110	3297.741
3296.814	3298.495
3297.803	3299.332
3300.847	3303.747
3302.759	3304.746
3300.998	3305.519
3303.579	3307.123
3303.832	3307.390
3304.043	3307.652
3304.727	3309.424
3303.805	3310.602
3303.429	3310.612
3304.758	3311.351
3306.780	3311.351
3310.855	3311.708
3309.464	3312.663
3305.969	3312.782
3316.416	3317.385
3315.125	3317.506
3313.480	3319.516
3316.862	3320.637
3317.704	3320.690
3317.736	3321.784
3318.319	3322.440
3315.780	3322.748
3320.847	3323.013
3321.621	3324.137
3322.020	3324.586
3323.324	3325.311
3320.347	3326.290
3322.223	3326.850
3323.892	3327.503
3329.625	3330.641
3329.332	3330.987
3329.851	3331.826
3327.059	3333.974
3332.963	3334.391
3327.604	3335.241
3333.739	3335.519
3335.922	3336.953
3334.597	3337.451
3335.811	3340.322
3339.155	3340.441
3339.259	3340.950
3340.088	3341.538
3340.282	3341.852
3341.240	3342.548
3338.917	3342.635
3342.347	3345.190
3343.358	3345.604
3343.918	3346.971
3344.940	3347.351
3346.070	3347.853
3348.212	3349.898
3343.873	3350.661
3351.590	3352.566
3349.835	3355.404
3353.076	3355.893
3351.189	3356.111
3353.638	3356.351
3354.612	3358.466
3357.054	3359.562
3358.386	3361.166
3354.541	3361.489
3359.070	3362.595
3354.616	3362.691
3360.482	3362.799
3361.416	3363.332
3362.029	3364.949
3361.453	3365.025
3364.202	3366.399
3371.036	3372.186
3369.649	3372.438
3370.643	3373.230
3371.192	3376.896
3370.861	3378.317
3376.747	3380.756
3379.425	3382.966
3386.649	3387.904
3382.599	3388.005
3386.475	3391.432
3391.474	3393.272
3391.199	3393.427
3391.520	3395.170
3394.634	3395.621
3394.157	3396.058
3388.946	3396.064
3393.774	3397.012
3395.076	3399.016
3397.487	3399.037
3397.776	3399.997
3396.677	3401.550
3399.398	3403.399
3401.989	3406.843
3403.365	3407.320
3406.445	3408.124
3406.193	3408.963
3407.778	3409.222
3406.219	3409.238
3409.625	3410.379
3409.975	3411.901
3410.972	3412.315
3410.735	3413.995
3412.362	3415.005
3415.335	3415.548
3414.399	3415.584
3414.648	3417.060
3419.671	3420.325
3415.318	3422.171
3423.351	3425.492
3423.133	3425.584
3424.819	3427.079
3421.051	3427.842
3427.747	3428.581
3426.489	3429.530
3427.801	3430.416
3429.432	3431.036
3430.179	3431.732
3432.053	3433.600
3431.762	3434.796
3431.659	3434.854
3433.030	3435.411
3433.221	3435.654
3434.136	3436.872
3432.613	3437.729
3437.291	3438.360
3437.560	3438.542
3436.489	3440.704
3437.138	3442.091
3441.175	3442.103
3441.531	3442.585
3443.066	3443.845
3440.163	3444.489
3446.297	3448.687
3445.713	3449.154
3448.782	3451.128
3451.605	3453.446
3450.853	3456.521
3452.106	3457.339
3451.956	3458.019
3460.909	3461.795
3462.532	3464.667
3461.827	3465.196
3464.611	3466.017
3469.071	3470.107
3470.210	3472.180
3469.041	3472.307
3468.154	3472.417
3471.063	3474.398
3470.446	3474.584
3476.593	3478.116
3477.270	3481.532
3480.261	3481.788
3481.618	3482.560
3479.868	3482.764
3482.338	3483.520
3483.417	3486.261
3486.123	3488.286
3488.319	3490.003
3487.339	3490.280
3487.240	3491.043
3490.907	3493.569
3492.196	3493.638
3493.923	3496.033
3495.958	3498.173
3492.189	3498.638
3494.114	3499.980
3498.357	3500.487
3499.540	3501.078
3499.862	3501.720
3500.746	3502.745
3502.367	3503.681
3502.234	3509.128
3505.281	3510.507
3507.257	3510.735
3511.559	3511.728
3510.475	3513.296
3510.335	3513.483
3512.000	3514.025
3511.046	3514.855
3513.106	3515.436
3514.416	3515.493
3516.512	3517.945
3515.143	3517.976
3516.521	3519.450
3514.014	3520.843
3519.875	3522.153
3517.725	3522.208
3520.365	3523.085
3521.412	3525.920
3523.823	3526.121
3523.284	3526.498
3523.590	3527.250
3525.760	3528.217
3531.286	3531.860
3524.994	3531.866
3531.163	3533.298
3531.780	3536.452
3533.523	3536.795
3538.253	3539.726
3535.984	3540.080
3542.558	3543.395
3543.700	3544.732
3544.212	3546.529
3546.239	3547.289
3544.379	3548.221
3546.161	3550.365
3549.470	3550.802
3549.894	3551.931
3551.521	3552.947
3552.847	3555.021
3555.839	3557.869
3554.023	3558.119
3557.238	3558.607
3559.024	3561.751
3562.024	3563.747
3560.782	3563.969
3562.539	3564.556
3563.761	3565.147
3569.153	3570.453
3569.602	3570.537
3566.747	3571.723
3571.848	3572.679
3571.770	3573.440
3573.675	3575.212
3572.945	3575.326
3572.590	3575.517
3575.683	3577.656
3575.531	3577.675
3578.845	3581.308
3579.230	3581.537
3580.065	3581.591
3582.275	3584.598
3584.758	3586.796
3590.434	3593.691
3591.870	3593.704
3595.160	3596.714
3594.258	3597.093
3590.291	3597.322
3597.188	3599.750
3596.433	3600.283
3597.653	3600.405
3595.144	3601.642
3595.251	3602.046
3598.889	3602.277
3601.234	3605.662
3604.970	3608.832
3605.806	3610.587
3608.645	3611.241
3610.494	3612.472
3611.695	3613.188
3611.061	3613.473
3616.744	3619.352
3618.752	3620.899
3618.885	3622.079
3618.348	3622.219
3621.967	3625.883
3624.062	3630.796
3627.518	3631.244
3630.105	3632.455
3631.213	3632.771
3629.452	3634.305
3633.708	3642.569
3641.300	3644.395
3642.134	3644.715
3642.474	3644.820
3641.435	3645.685
3645.348	3646.137
3643.952	3647.000
3645.839	3647.730
3646.011	3648.705
3648.926	3650.790
3648.186	3651.350
3652.004	3653.954
3652.661	3654.301
3652.265	3655.339
3651.144	3655.578
3655.595	3657.544
3655.731	3658.495
3653.572	3658.495
3657.246	3659.865
3656.461	3660.766
3659.360	3662.050
3661.343	3663.652
3659.793	3663.977
3654.721	3664.252
3662.196	3664.548
3664.920	3666.511
3662.805	3668.493
3668.206	3669.468
3668.233	3669.565
3671.393	3674.019
3672.762	3675.304
3670.427	3678.663
3679.837	3680.613
3677.564	3681.258
3673.026	3681.429
3682.683	3684.352
3684.350	3687.106
3683.913	3688.108
3687.653	3689.998
3687.128	3692.170
3693.345	3693.950
3692.122	3694.400
3691.190	3695.265
3691.098	3695.711
3693.554	3696.693
3696.424	3698.162
3697.802	3700.567
3699.942	3701.168
3699.517	3701.785
3702.671	3704.591
3701.431	3704.802
3697.037	3705.151
3703.845	3705.383
3703.744	3706.743
3706.459	3708.672
3703.365	3709.013
3705.319	3709.200
3710.031	3712.119
3706.480	3712.660
3705.775	3713.291
3708.830	3713.604
3713.199	3714.075
3714.387	3718.019
3715.352	3718.275
3716.707	3718.458
3716.568	3719.884
3717.619	3720.102
3720.376	3721.825
3720.799	3723.353
3726.169	3727.476
3727.038	3728.468
3724.603	3728.739
3728.053	3729.448
3727.962	3729.781
3729.081	3731.057
3727.285	3732.610
3729.324	3733.178
3733.187	3734.835
3734.614	3738.011
3739.979	3742.494
3744.282	3746.535
3745.056	3747.084
3745.750	3748.123
3745.249	3748.166
3745.174	3748.691
3748.049	3750.898
3750.539	3752.502
3751.163	3755.019
3752.624	3755.901
3757.199	3758.745
3756.581	3759.852
3758.548	3760.968
3761.409	3762.027
3759.963	3762.128
3760.947	3765.035
3761.669	3766.471
3768.319	3770.450
3773.059	3775.562
3772.165	3775.611
3775.875	3777.431
3778.070	3779.457
3779.218	3781.224
3786.908	3787.780
3785.808	3787.879
3783.594	3788.139
3787.885	3790.064
3792.917	3794.643
3790.682	3795.106
3790.704	3796.838
3792.157	3798.079
3795.099	3798.400
3798.557	3799.818
3794.876	3800.449
3794.570	3800.881
3795.278	3802.923
3798.959	3803.053
3799.854	3803.434
3804.385	3806.813
3807.420	3809.464
3809.796	3810.369
3810.820	3813.036
3813.811	3816.215
3809.587	3816.345
3819.266	3820.202
3818.397	3822.929
3822.347	3824.925
3822.099	3825.410
3826.088	3830.162
3827.836	3830.372
3831.440	3832.717
3829.325	3833.632
3831.705	3834.907
3836.625	3839.139
3844.609	3847.375
3841.159	3848.313
3844.330	3848.336
3848.680	3849.686
3847.875	3850.698
3849.348	3851.447
3848.014	3852.285
3849.580	3852.418
3851.194	3852.856
3850.114	3852.856
3847.780	3853.830
3850.565	3857.706
3859.088	3860.953
3859.486	3861.466
3860.938	3863.075
3860.244	3863.400
3857.761	3864.710
3859.840	3865.516
3861.183	3866.120
3866.464	3868.407
3868.990	3871.413
3868.598	3872.103
3870.546	3873.030
3868.584	3873.897
3874.258	3877.083
3878.950	3880.044
3876.712	3880.493
3878.826	3881.116
3877.468	3881.623
3880.225	3883.115
3880.006	3883.243
3883.017	3885.526
3882.010	3886.015
3880.689	3886.828
3884.973	3887.503
3887.695	3890.127
3884.129	3890.699
3888.854	3891.395
3887.367	3891.981
3890.439	3893.680
3890.141	3894.966
3893.200	3895.977
3894.986	3896.229
3895.595	3897.059
3896.737	3902.287
3902.586	3904.798
3902.056	3905.335
3905.075	3908.224
3906.513	3909.356
3909.136	3910.766
3910.045	3911.163
3911.147	3911.829
3912.740	3916.792
3914.691	3917.280
3914.262	3917.329
3917.393	3919.197
3915.942	3919.339
3919.145	3921.609
3922.650	3923.446
3924.151	3924.903
3925.348	3925.812
3920.519	3926.604
3924.760	3926.866
3929.118	3929.768
3928.629	3929.956
3922.839	3931.456
3928.190	3933.817
3932.883	3935.187
3934.321	3936.131
3933.552	3936.231
3931.689	3937.848
3934.728	3939.034
3933.220	3940.496
3940.548	3941.517
3940.033	3945.237
3943.426	3947.534
3946.518	3948.410
3947.178	3949.811
3942.716	3950.862
3949.058	3952.603
3953.086	3955.489
3950.542	3955.910
3954.295	3957.124
3956.185	3958.832
3957.470	3958.915
3952.621	3960.813
3956.403	3960.860
3960.841	3962.142
3963.032	3964.030
3962.775	3964.864
3963.369	3964.919
3965.257	3965.566
3962.494	3968.066
3965.329	3969.462
3968.954	3969.857
3968.480	3972.073
3971.487	3974.198
3971.260	3974.516
3975.249	3976.147
3974.660	3976.604
3974.755	3978.269
3979.657	3981.283
3984.074	3985.273
3983.398	3985.928
3984.787	3986.146
3983.294	3987.769
3986.836	3988.352
3986.601	3989.184
3988.877	3990.446
3986.345	3991.744
3991.398	3992.695
3990.164	3993.484
3987.135	3994.277
3993.523	3995.373
3990.540	3996.451
3994.262	3997.163
3996.736	4000.087
3997.841	4001.423
4002.061	4003.449
4005.970	4006.812
4005.190	4008.641
4003.417	4009.964
4007.718	4010.163
4009.044	4010.654
4003.468	4011.257
4009.586	4011.910
4009.446	4012.298
4010.676	4012.602
4012.129	4013.136
4017.826	4019.954
4017.609	4020.367
4018.128	4020.788
4018.517	4023.570
4018.640	4023.822
4020.998	4024.454
4022.985	4026.614
4024.010	4026.729
4026.280	4027.400
4024.185	4027.586
4024.970	4028.642
4024.495	4028.834
4027.712	4030.122
4026.976	4030.223
4031.598	4032.649
4028.001	4032.696
4032.591	4034.595
4033.061	4036.864
4033.080	4037.422
4037.514	4037.866
4036.887	4038.065
4037.254	4039.859
4037.041	4040.624
4038.820	4041.478
4042.152	4044.149
4040.918	4044.168
4042.292	4045.112
4045.658	4046.636
4042.120	4047.358
4046.552	4047.810
4048.875	4050.285
4052.425	4054.668
4055.825	4059.676
4059.402	4059.802
4063.449	4064.558
4060.769	4064.814
4063.680	4064.850
4062.291	4066.895
4065.147	4066.928
4064.855	4067.546
4063.486	4067.623
4065.810	4070.539
4065.485	4071.079
4069.589	4072.197
4073.837	4075.196
4075.684	4077.552
4075.599	4078.426
4081.601	4081.878
4081.149	4083.114
4081.869	4084.285
4082.047	4085.394
4081.673	4086.021
4082.510	4086.309
4083.781	4087.140
4083.468	4087.336
4083.194	4090.028
4084.789	4090.293
4084.825	4090.728
4090.670	4090.915
4088.236	4091.606
4087.568	4092.317
4089.205	4093.409
4091.018	4094.054
4091.514	4094.825
4092.101	4094.911
4092.126	4096.430
4092.525	4096.478
4091.523	4096.488
4091.089	4096.803
4092.696	4098.808
4094.216	4099.168
4096.224	4099.605
4098.056	4100.799
4100.968	4102.698
4099.545	4105.985
4100.594	4107.798
4107.578	4110.237
4108.308	4110.981
4108.713	4112.635
4112.658	4112.995
4107.166	4113.829
4114.478	4116.129
4112.766	4119.015
4118.235	4119.067
4118.808	4119.598
4115.919	4119.727
4119.064	4121.044
4120.731	4121.907
4121.872	4123.734
4122.392	4123.907
4119.607	4125.165
4125.310	4126.194
4123.464	4126.414
4123.638	4126.436
4122.354	4127.249
4128.533	4133.811
4133.816	4135.009
4136.106	4137.261
4133.875	4137.635
4137.440	4139.963
4134.041	4140.418
4139.384	4140.978
4141.842	4143.448
4141.454	4144.077
4144.874	4146.337
4144.299	4149.124
4148.225	4149.830
4144.220	4150.067
4151.090	4152.842
4157.112	4159.800
4158.520	4160.824
4158.949	4161.153
4154.363	4161.319
4159.419	4161.575
4160.415	4162.624
4161.660	4164.591
4161.046	4164.858
4163.764	4165.833
4163.802	4166.413
4163.836	4167.308
4164.607	4168.777
4165.072	4170.128
4161.894	4171.957
4166.386	4172.413
4168.761	4173.300
4167.595	4173.770
4169.901	4175.559
4171.491	4176.847
4172.219	4177.789
4172.955	4178.924
4173.140	4179.271
4174.236	4179.797
4172.590	4181.056
4175.874	4182.132
4177.883	4183.364
4182.685	4184.570
4183.238	4185.236
4183.004	4185.444
4181.391	4185.573
4183.280	4186.828
4183.927	4186.962
4183.669	4187.189
4185.526	4187.704
4185.660	4188.821
4188.111	4193.281
4191.872	4193.374
4191.700	4196.783
4192.041	4197.060
4192.574	4197.120
4193.806	4197.576
4194.714	4197.773
4195.023	4199.511
4195.197	4200.679
4193.829	4200.886
4195.214	4201.212
4195.431	4201.279
4195.613	4202.911
4200.880	4203.932
4197.910	4204.099
4202.152	4204.111
4203.457	4205.855
4204.657	4206.767
4204.423	4207.507
4205.134	4208.664
4203.835	4209.199
4209.368	4212.441
4211.346	4213.450
4211.749	4214.020
4211.951	4214.513
4213.322	4214.848
4214.536	4216.956
4214.421	4217.066
4212.403	4217.191
4216.216	4218.225
4220.183	4222.042
4220.046	4223.019
4217.799	4224.147
4221.391	4224.185
4225.110	4226.279
4223.967	4227.340
4227.456	4227.888
4221.825	4228.792
4225.385	4229.771
4227.816	4232.456
4226.504	4233.618
4229.682	4234.053
4227.590	4234.239
4228.019	4234.825
4232.205	4235.876
4232.435	4236.466
4230.948	4237.033
4230.604	4238.115
4239.303	4240.316
4238.659	4240.580
4229.738	4240.608
4242.290	4243.893
4240.684	4245.681
4237.520	4248.014
4245.348	4249.517
4247.593	4249.698
4250.246	4250.907
4251.974	4253.803
4254.521	4256.937
4254.821	4256.992
4259.694	4261.254
4260.335	4264.949
4263.529	4264.954
4262.738	4265.476
4267.470	4268.233
4267.583	4268.659
4266.352	4268.798
4272.187	4274.041
4273.321	4275.797
4279.698	4280.580
4282.336	4285.771
4283.629	4285.782
4283.465	4285.999
4281.136	4288.372
4286.803	4289.327
4292.122	4292.896
4290.238	4293.390
4292.360	4295.819
4297.285	4297.687
4298.919	4300.582
4297.790	4302.607
4300.900	4302.992
4301.159	4303.560
4301.891	4303.717
4298.596	4304.579
4303.567	4305.915
4302.092	4306.500
4304.115	4308.733
4308.099	4310.919
4308.957	4312.987
4313.720	4314.986
4315.590	4316.370
4315.854	4319.346
4319.465	4324.093
4322.376	4326.272
4325.887	4326.649
4320.655	4326.706
4324.673	4327.995
4327.858	4328.614
4328.656	4333.382
4328.928	4333.887
4330.583	4335.423
4332.807	4335.788
4335.514	4336.617
4335.550	4339.675
4338.956	4340.620
4337.950	4340.986
4336.937	4341.183
4338.514	4342.248
4339.073	4342.475
4340.137	4342.968
4343.056	4348.867
4349.254	4351.096
4347.553	4351.144
4351.410	4353.075
4354.767	4356.345
4355.423	4357.124
4359.425	4363.413
4360.144	4364.820
4359.289	4366.548
4362.518	4369.242
4364.282	4369.537
4367.431	4370.476
4367.201	4370.577
4367.138	4372.108
4369.703	4372.377
4367.696	4373.531
4367.501	4374.470
4370.970	4374.907
4376.937	4380.179
4388.715	4391.472
4393.048	4396.167
4393.890	4397.800
4392.139	4397.846
4398.189	4399.398
4398.893	4401.987
4399.219	4403.160
4399.811	4405.634
4404.837	4406.283
4405.129	4406.995
4410.379	4410.464
4411.039	4415.278
4415.111	4416.246
4413.534	4416.753
4423.301	4426.047
4425.966	4427.281
4425.398	4427.331
4427.763	4430.193
4429.997	4430.474
4427.716	4431.045
4427.122	4432.521
4431.212	4433.163
4434.274	4436.841
4433.759	4437.200
4432.101	4438.362
4438.568	4439.927
4439.983	4442.604
4439.925	4443.263
4441.033	4444.068
4442.761	4446.568
4442.136	4447.196
4442.882	4448.050
4444.246	4448.379
4445.041	4450.003
4448.966	4452.126
4444.952	4453.650
4451.395	4455.368
4445.819	4455.468
4453.185	4456.836
4456.456	4458.442
4456.349	4458.482
4453.217	4459.068
4462.859	4464.849
4463.013	4466.362
4465.196	4467.592
4464.489	4467.695
4465.082	4468.137
4466.275	4469.290
4469.867	4473.468
4474.402	4475.804
4471.433	4476.168
4472.334	4477.345
4476.364	4479.266
4474.694	4479.612
4477.863	4479.996
4481.575	4482.209
4481.423	4482.617
4483.503	4486.463
4486.228	4487.972
4485.397	4489.593
4486.928	4490.083
4490.819	4492.479
4489.871	4493.637
4492.815	4495.046
4487.389	4495.830
4491.380	4495.874
4492.905	4497.035
4495.479	4499.898
4497.657	4500.680
4497.701	4501.360
4497.624	4502.272
4501.683	4503.202
4498.419	4503.999
4498.040	4504.247
4505.137	4506.705
4505.041	4507.102
4504.403	4507.405
4506.145	4508.722
4506.417	4509.205
4505.405	4513.443
4508.188	4514.019
4512.430	4514.691
4514.617	4517.044
4519.647	4521.645
4518.171	4522.002
4520.444	4523.025
4522.259	4524.252
4523.123	4525.123
4528.181	4529.673
4525.232	4530.219
4530.779	4532.559
4531.220	4533.259
4530.833	4534.085
4534.240	4536.238
4534.492	4536.282
4537.347	4538.214
4539.714	4542.177
4540.979	4543.133
4540.136	4544.648
4541.960	4546.019
4543.128	4546.934
4541.096	4547.529
4542.426	4548.891
4544.192	4550.252
4547.148	4550.546
4544.425	4551.346
4548.394	4552.402
4548.886	4554.866
4548.212	4555.534
4549.407	4555.606
4551.547	4556.623
4550.486	4557.557
4552.228	4558.337
4549.709	4558.493
4554.595	4560.189
4558.387	4560.904
4560.858	4562.336
4556.181	4562.659
4561.261	4564.476
4561.793	4565.873
4562.485	4566.006
4561.507	4566.428
4565.662	4568.766
4562.618	4568.888
4566.478	4571.255
4570.147	4571.481
4564.507	4572.720
4570.790	4572.975
4572.799	4575.234
4573.900	4575.330
4571.684	4575.609
4574.289	4576.716
4575.875	4578.866
4584.117	4587.211
4586.114	4588.122
4589.307	4592.224
4592.153	4594.021
4593.619	4594.357
4594.440	4597.375
4599.716	4602.160
4601.082	4603.155
4601.661	4604.625
4605.866	4607.883
4604.710	4608.855
4609.835	4611.021
4607.970	4613.049
4611.899	4615.356
4613.217	4615.399
4614.231	4616.055
4615.811	4617.218
4610.812	4617.366
4618.101	4621.882
4621.045	4622.297
4625.259	4626.588
4625.869	4627.309
4626.415	4629.906
4630.273	4632.073
4629.980	4632.904
4629.975	4633.316
4632.457	4634.416
4631.375	4634.650
4631.762	4636.396
4637.138	4638.029
4636.399	4640.504
4640.682	4641.886
4638.581	4645.555
4644.205	4646.115
4643.673	4646.180
4645.424	4647.705
4646.584	4648.920
4648.607	4652.669
4647.339	4654.968
4650.968	4656.416
4653.167	4657.523
4650.694	4658.014
4650.987	4658.582
4657.644	4659.228
4656.008	4659.729
4656.636	4660.160
4662.762	4664.097
4662.319	4665.773
4666.113	4667.069
4665.489	4668.565
4668.542	4671.523
4668.157	4671.846
4673.866	4675.469
4671.525	4675.474
4673.184	4677.261
4673.955	4677.393
4675.000	4677.534
4679.676	4682.492
4683.735	4687.683
4683.476	4690.053
4690.005	4691.730
4691.737	4693.178
4690.067	4693.986
4694.221	4695.842
4695.894	4697.568
4697.720	4698.506
4699.805	4701.544
4698.400	4702.105
4702.700	4703.700
4708.907	4709.410
4709.805	4711.017
4710.802	4712.321
4711.035	4714.917
4711.578	4714.949
4715.013	4717.382
4715.985	4718.220
4718.262	4721.168
4719.342	4721.346
4721.814	4722.942
4718.792	4723.463
4724.833	4726.502
4727.219	4727.679
4725.414	4727.887
4728.186	4729.290
4723.049	4729.715
4730.611	4732.328
4730.423	4732.673
4733.771	4736.504
4728.350	4737.996
4734.801	4738.219
4735.033	4738.635
4736.301	4740.879
4741.507	4743.301
4741.124	4743.689
4740.425	4744.386
4742.280	4744.784
4745.611	4748.365
4746.584	4748.895
4743.806	4752.266
4752.199	4753.262
4754.072	4755.214
4754.965	4755.785
4756.301	4757.645
4755.838	4758.596
4753.571	4760.300
4756.895	4760.643
4761.816	4762.306
4761.795	4763.005
4757.051	4763.253
4761.970	4765.027
4761.890	4767.430
4765.662	4768.084
4767.816	4768.943
4769.391	4771.801
4770.263	4772.412
4772.186	4774.887
4774.558	4776.232
4776.722	4777.521
4775.851	4777.675
4778.778	4780.117
4777.261	4781.648
4783.633	4784.962
4781.619	4786.761
4786.212	4787.794
4787.287	4789.051
4788.572	4789.250
4789.888	4791.148
4791.393	4793.438
4789.739	4794.017
4789.792	4794.499
4794.396	4796.669
4795.867	4798.102
4798.301	4799.635
4799.091	4801.387
4798.815	4803.884
4802.667	4805.006
4803.840	4806.689
4804.359	4807.032
4807.544	4809.011
4807.222	4810.411
4807.958	4811.024
4809.978	4811.478
4812.246	4813.798
4815.042	4816.684
4812.548	4816.742
4819.757	4822.490
4815.115	4822.832
4821.770	4823.334
4822.549	4824.921
4821.648	4825.817
4821.123	4826.622
4822.751	4828.698
4826.904	4830.080
4829.016	4831.020
4827.509	4832.083
4829.852	4833.466
4832.606	4834.097
4833.176	4835.119
4829.069	4836.513
4832.545	4836.737
4833.822	4837.628
4833.839	4838.875
4833.954	4839.629
4833.971	4839.769
4837.209	4841.820
4840.129	4843.628
4835.652	4843.986
4840.746	4844.718
4840.909	4846.760
4841.140	4846.907
4841.578	4847.765
4842.359	4849.269
4846.140	4851.194
4844.744	4851.230
4850.290	4852.237
4850.313	4852.422
4851.068	4852.801
4853.599	4856.212
4855.965	4856.996
4859.905	4862.492
4864.413	4865.333
4869.344	4870.374
4870.027	4871.415
4870.432	4872.308
4872.361	4874.235
4874.197	4876.421
4872.546	4876.970
4874.583	4878.287
4879.334	4884.048
4884.886	4888.934
4885.899	4889.598
4888.225	4890.226
4889.518	4891.266
4889.805	4891.389
4891.087	4894.540
4891.806	4895.170
4892.604	4896.734
4892.004	4897.159
4893.794	4898.110
4897.667	4900.026
4901.626	4903.284
4903.072	4905.571
4902.266	4905.645
4902.320	4906.189
4903.366	4907.277
4905.800	4909.704
4907.678	4909.901
4909.346	4910.374
4909.966	4911.741
4906.487	4915.681
4910.639	4915.854
4912.097	4917.295
4910.172	4917.365
4911.689	4918.362
4914.951	4919.706
4914.046	4920.823
4914.089	4921.619
4920.021	4923.489
4916.456	4923.904
4925.859	4928.501
4926.992	4929.262
4926.227	4930.606
4927.409	4933.990
4932.152	4934.729
4927.556	4937.193
4937.261	4939.693
4939.796	4941.716
4938.810	4943.333
4942.373	4943.581
4942.408	4945.004
4946.910	4950.143
4948.635	4951.854
4952.505	4953.152
4946.410	4953.351
4953.458	4955.526
4949.861	4956.454
4955.501	4957.063
4954.267	4957.958
4955.980	4958.566
4956.430	4959.307
4962.417	4964.820
4963.786	4967.106
4968.804	4970.462
4968.911	4970.977
4971.042	4973.313
4976.329	4977.551
4978.136	4978.842
4973.088	4979.462
4979.781	4981.169
4979.538	4982.034
4976.916	4982.495
4984.016	4986.172
4987.565	4989.651
4986.097	4990.361
4989.209	4991.023
4989.577	4992.689
4990.955	4992.984
4982.928	4993.371
4991.915	4995.515
4996.802	4999.175
4997.856	4999.762
